quad_ss_ctl:
  pt1_const: 0.7
  dead_zone: 0.0
  Td: 0.01
  n: 4.0
  m: 1.0
  l: 2.0
  A: [0.7791595631749836, -1.4961799981731592, 0.0, 0.0, 0.008864042317612508, 0.9922085930872637,
    0.0, 0.0, 0.37102006948191535, 80.16434116963292, 1.0, 0.0, 0.0012618023682739097,
    0.4013477417638524, 0.01, 1.0]
  B: [0.00886404231761251, 4.6159794057238694E-5, 0.0012618023682739097, 3.1925388080888204E-6]
  C: [0.0, 0.0, 1.0, 0.0, 0.0, 0.0, 0.0, 1.0]
  D: [0.0, 0.0]
  Kctl: [3.8679369757171793, 115.03784588545491, 0.1567710342813688, 0.308519090323661]
  Ki: -0.0026034664815287453
  Kobs: [-0.025764796635802296, 0.752111885983229, 0.0038493089913994886, -0.11883834143122847,
    1.162289826431819, -17.46329218934602, 0.013080439096950107, 0.4597220524311132]
  saturation: 0.08
  Tm: 0.0125
  modelFaster: 10.0
  Kff: 0.0025
