quad_ss_ctl:
  pt1_const: 0.7
  dead_zone: 0.0
  Td: 0.01
  n: 4.0
  m: 1.0
  l: 2.0
  A: [0.9922085930872637, 0.008864042317612512, 0.0, 0.0, -1.4961799981731592, 0.7791595631749836,
    0.0, 0.0, 0.002330367307996241, 7.326471989738716E-6, 1.0, 0.01, 0.4654625913871158,
    0.0021542740884284727, 0.0, 1.0]
  B: [0.007791406912736254, 1.4961799981731592, 3.128900584268966E-6, 0.0012366503289861848]
  C: [0.0, 0.0, 1.0, 0.0, 0.0, 0.0, 0.0, 1.0]
  D: [0.0, 0.0]
  Kctl: [26.334746971411434, 0.47745098966358973, 119.42492438225172, 12.262682227586152]
  Ki: -4.855506100903653
  Kobs: [2.3675829268378794, 3.2246569653887645, 76.19734363033835, 58.75124536424522,
    0.991136729891543, 0.01662057073005014, 0.9196120238886913, 2.35162440596405]
  saturation: 0.08
  Tm: 0.0125
  modelFaster: 10.0
  Kff: 0.002502201556932086
