quad_ss_ctl:
  pt1_const: 0.7
  dead_zone: 0.0
  Td: 0.01
  n: 4.0
  m: 1.0
  l: 2.0
  A: [0.7791595631749836, -1.4961799981731592, 0.0, 0.0, 0.008864042317612508, 0.9922085930872637,
    0.0, 0.0, 0.37102006948191535, 80.16434116963292, 1.0, 0.0, 0.0012618023682739097,
    0.4013477417638524, 0.01, 1.0]
  B: [0.00886404231761251, 4.6159794057238694E-5, 0.0012618023682739097, 3.1925388080888204E-6]
  C: [0.0, 0.0, 1.0, 0.0, 0.0, 0.0, 0.0, 1.0]
  D: [0.0, 0.0]
  Kctl: [117.45540918074488, 8605.012349346312, 26.6807528013639, 74.81010016306873]
  Ki: -0.009345496663261468
  Kobs: [-0.2156238842560185, -0.34647466841497443, 0.008318475524829439, 0.07076803551678588,
    1.760506228381539, 5.825002834084049, 0.013961906460726337, 1.029009758208077]
  saturation: 0.08
  Tm: 0.0125
  modelFaster: 10.0
  Kff: 0.0025
