quad_ss_ctl:
  pt1_const: 0.7
  dead_zone: 0.0
  Td: 0.01
  n: 4.0
  m: 1.0
  l: 2.0
  A: [0.9922085930872637, 0.008864042317612512, 0.0, 0.0, -1.4961799981731592, 0.7791595631749836,
    0.0, 0.0, 0.0030867792743202276, 1.1760847802782407E-4, 1.0, 0.01, 0.6107160054454669,
    0.023594092459305212, 0.0, 1.0]
  B: [0.007791406912736254, 1.4961799981731592, -7.532830657397177E-4, -0.1440167637293649]
  C: [0.0, 0.0, 1.0, 0.0, 0.0, 0.0, 0.0, 1.0]
  D: [0.0, 0.0]
  Kctl: [0.7119680194223199, 0.03849858862159152, 0.31479401226319104, 0.16051216451108452]
  Ki: -0.0026564179826071023
  Kobs: [0.20312150752063354, 0.4376062866068289, 0.4713582282579714, -0.6339909511926768,
    0.5482820392744143, 0.01505297435379684, 0.2547971573096841, 1.0737298395885977]
  saturation: 0.08
  Tm: 0.0125
  modelFaster: 10.0
  Kff: 0.002502201556932086
