quad_ss_ctl:
  pt1_const: 0.7
  dead_zone: 0.0
  Td: 0.01
  n: 4.0
  m: 1.0
  l: 2.0
  A: [0.7791595631749836, -1.4961799981731592, 0.0, 0.0, 0.008864042317612508, 0.9922085930872637,
    0.0, 0.0, 0.37102006948191535, 80.16434116963292, 1.0, 0.0, 0.0012618023682739097,
    0.4013477417638524, 0.01, 1.0]
  B: [0.00886404231761251, 4.6159794057238694E-5, 0.0012618023682739097, 3.1925388080888204E-6]
  C: [0.0, 0.0, 1.0, 0.0, 0.0, 0.0, 0.0, 1.0]
  D: [0.0, 0.0]
  Kctl: [-21.79868274319785, -165.64188677972558, 1.7598516820893203E-4, 3.467655078926982E-5]
  Ki: -2.9487306857208403E-8
  Kobs: [0.008348980678100498, -1.710258580856257, -6.673417364232936E-4, 0.14252974900943438,
    0.49975606371113057, -106.01496808525606, 0.0121981798001812, -0.4720473302098904]
  saturation: 0.08
  Tm: 0.0125
  modelFaster: 10.0
  Kff: 0.0025
