quad_ss_ctl:
  pt1_const: 0.7
  dead_zone: 0.00
  Td: 0.01
  n: 4.0
  m: 1.0
  l: 2.0
  A: [0.8134988931200745, -1.9967926370684421, 0.0, 0.0, 0.009053885057420961, 0.9896732418382568,
    0.0, 0.0, 0.9967221672170683, 20.128846230116306, 1.0, 0.0, 0.004977553515828959,
    0.10247680202583224, 0.01, 1.0]
  B: [0.009053885057420963, 4.682373105575598E-5, -0.045956717356874115, -2.380928552362297E-4]
  C: [0.0, 0.0, 1.0, 0.0, 0.0, 0.0, 0.0, 1.0]
  D: [0.0, 0.0]
  Kctl: [13.928997897412826, 69.57684862609443, 1.2444913791667584, 2.428451634350494]
  Ki: -0.02049205280369042
  Kobs: [0.09611067348501355, -0.6993711905503792, 0.009034311576070217, -0.008700888691611501,
    1.1105067040120231, -1.454536370608679, 0.012804731226663554, 0.5433091535470782]
  saturation: 0.3 # corresponds to the half of the mm path
  Tm: 0.2
  modelFaster: 10.0
  Kff: 0.02 # 0.011505707
