quad_ss_ctl:
  pt1_const: 0.7
  dead_zone: 0.0
  Td: 0.01
  n: 4.0
  m: 1.0
  l: 2.0
  A: [0.9922085930872637, 0.008864042317612512, 0.0, 0.0, -1.4961799981731592, 0.7791595631749836,
    0.0, 0.0, 0.0030867792743202276, 1.1760847802782407E-4, 1.0, 0.01, 0.6107160054454669,
    0.023594092459305212, 0.0, 1.0]
  B: [0.007791406912736254, 1.4961799981731592, -7.532830657397177E-4, -0.1440167637293649]
  C: [0.0, 0.0, 1.0, 0.0, 0.0, 0.0, 0.0, 1.0]
  D: [0.0, 0.0]
  Kctl: [4.152247965597061, 0.2177191921506127, 3.0312711455047006, 0.8307658826334609]
  Ki: -0.047720469964211684
  Kobs: [-0.3263103636313654, -0.0014214396727567763, 24.44339225645654, 28.256659855160486,
    0.7313204464081565, 0.018354055309950386, 0.42514458449802783, 1.602915801294663]
  saturation: 0.08
  Tm: 0.0125
  modelFaster: 10.0
  Kff: 0.002502201556932086
