quad_ss_ctl:
  pt1_const: 0.7
  dead_zone: 0.0
  Td: 0.01
  n: 4.0
  m: 1.0
  l: 2.0
  A: [0.9922085930872637, 0.008864042317612512, 0.0, 0.0, -1.4961799981731592, 0.7791595631749836,
    0.0, 0.0, 0.0030867792743202276, 1.1760847802782407E-4, 1.0, 0.01, 0.6107160054454669,
    0.023594092459305212, 0.0, 1.0]
  B: [0.007791406912736254, 1.4961799981731592, -7.532830657397177E-4, -0.1440167637293649]
  C: [0.0, 0.0, 1.0, 0.0, 0.0, 0.0, 0.0, 1.0]
  D: [0.0, 0.0]
  Kctl: [6.286822583910612, 0.31550897034101905, 8.047704614674778, 1.501226543032983]
  Ki: -0.18489106783751708
  Kobs: [-6.501927755110203, -1.3364491939049192, 251.9234577201252, 77.08981857653723,
    0.684886367009864, 0.018074590069864838, 1.7128555095317304, 1.8703409626114023]
  saturation: 0.08
  Tm: 0.0125
  modelFaster: 10.0
  Kff: 0.002502201556932086
