quad_ss_ctl:
  pt1_const: 0.7
  dead_zone: 0.0
  Td: 0.01
  n: 4.0
  m: 1.0
  l: 2.0
  A: [0.9922085930872637, 0.008864042317612512, 0.0, 0.0, -1.4961799981731592, 0.7791595631749836,
    0.0, 0.0, 0.0030867792743202276, 1.1760847802782407E-4, 1.0, 0.01, 0.6107160054454669,
    0.023594092459305212, 0.0, 1.0]
  B: [0.007791406912736254, 1.4961799981731592, -7.532830657397177E-4, -0.1440167637293649]
  C: [0.0, 0.0, 1.0, 0.0, 0.0, 0.0, 0.0, 1.0]
  D: [0.0, 0.0]
  Kctl: [1.5048393186456155, 0.0854573533012957, 0.570753192049158, 0.2709845238257351]
  Ki: -0.0051415155605001065
  Kobs: [0.25173957277525466, 0.5740619854572543, 0.763414968280005, -0.30314159747074526,
    0.628900790036551, 0.01694037667059119, 0.2787124962236756, 1.2429310697433271]
  saturation: 0.08
  Tm: 0.0125
  modelFaster: 10.0
  Kff: 0.002502201556932086
