quad_ss_ctl:
  pt1_const: 0.7
  dead_zone: 0.0
  Td: 0.01
  n: 4.0
  m: 1.0
  l: 2.0
  A: [0.9922085930872637, 0.008864042317612512, 0.0, 0.0, -1.4961799981731592, 0.7791595631749836,
    0.0, 0.0, 0.0030867792743202276, 1.1760847802782407E-4, 1.0, 0.01, 0.6107160054454669,
    0.023594092459305212, 0.0, 1.0]
  B: [0.007791406912736254, 1.4961799981731592, -7.532830657397177E-4, -0.1440167637293649]
  C: [0.0, 0.0, 1.0, 0.0, 0.0, 0.0, 0.0, 1.0]
  D: [0.0, 0.0]
  Kctl: [3.1917156978602397, 0.17363480809413748, 1.2548743090059715, 0.5499211783621415]
  Ki: -0.012122195159671266
  Kobs: [0.3438308388909344, 0.7682022952078054, 1.2714759538072287, 0.3136969216698031,
    0.7323273800127963, 0.019942549084855214, 0.3335910012894066, 1.4534981606476873]
  saturation: 0.08
  Tm: 0.0125
  modelFaster: 10.0
  Kff: 0.002502201556932086
